image: 2d_map1.pgm
resolution: 0.200000
origin: [-6.000000, -8.800000, -nan]
negate: 0
occupied_thresh: 0.65
free_thresh: 0.196

