image: 2D_octo.pgm
resolution: 0.100000
origin: [-4.500000, -6.100000, 0.000000]
negate: 0
occupied_thresh: 0.65
free_thresh: 0.196

