image: 2D_octomap.pgm
resolution: 0.100000
origin: [-4.900000, -6.200000, 0.000000]
negate: 0
occupied_thresh: 0.65
free_thresh: 0.196

